image.png
BAUDRATE
4800: 25.542; 25.542; 25.542
9600: 12.792; 12.803; 13.813
19200: 6.388; 6.388; 6.388
38400: 3.201; 3.200; 3.200
57600: 2.127; 2.128; 2.128

IFRAME (57600)
64: 2.624; 2.623; 2.624
128: 2.288; 2.288; 2.288
255: 2.128; 2.127; 2.127
512: 2.050; 2.050; 2.050
1024: 2.010; 2.010; 2.010

TPROP(ms) (57600)
0: 2.127; 2.128; 2.127
20: 3.092; 3.092; 3.092
40: 4.053; 4.053; 4.052
60: 5.012; 5.012; 5.012
80: 5.972; 5.972; 5.972 
100: 6.932; 6.932; 6.932

FER_HEAD (57600)
16: 14.539; 36.267; 23.848 
32: 26.952; 14.536; 20.743;
48: 14.540; 11.436; 8.336
64: 14.540; 8.333; 2.128


0: 2.128; 2.128; 2.128

FER_DATA (57600)
100: 27.330; 26.412; 31.954
200: 7.127; 7.959; 7.889
300: 4.732; 4.922; 5.572
400: 3.669; 3.957; 3.914
500: 3.607; 3.094; 3.140
0: 2.128; 2.128; 2.128
